PS No & Name,Address,Constituency Number
1 - Vashi,"St. Mary's Multipurpose School, Ground Floor, Room No. 1, Sector 10A, Vashi, Navi Mumbai.400703.",151
2 - Vashi,"St. Mary's Multipurpose School, Ground Floor, Room No. 2, Sector 10A, Vashi, Navi Mumbai.400703.",151
3 - Vashi,"St. Mary's Multipurpose School, Ground Floor, Room No. 3, Sector 10A, Vashi, Navi Mumbai.400703.",151
4 - Vashi,"St. Mary's Multipurpose School, Ground Floor, Room No. 4, Sector 10A, Vashi, Navi Mumbai.400703.",151
5 - Vashi,"St. Mary's Multipurpose School, Ground Floor, Room No. 5, Sector 10A, Vashi, Navi Mumbai.400703.",151
6 - Vashi,"St. Mary's Multipurpose School, Ground Floor, Room No. 6, Sector 10A, Vashi, Navi Mumbai.400703.",151
7 - Vashi,"SAINATH HINDI HIGH SCHOOL AND COLLEGE GROUND FLOOR FLOOR, ROOM NO. 1, Sector 10A, Vashi Navi Mumbai.400703.",151
8 - Vashi,"SAINATH HINDI HIGH SCHOOL AND COLLEGE, GROUND FLOOR, ROOM NO. 2, Sector 10A, Vashi Navi Mumbai.400703.",151
9 - Vashi,"SAINATH HINDI HIGH SCHOOL AND COLLEGE GROUND FLOOR FLOOR, PARTITION POLLING STATION ROOM NO. 3, Sector 10A, Vashi Navi Mumbai.400703.",151
10 - Vashi,"St. Mary's Multipurpose School, Ground Floor, Room No. 7, Sector 10A, Vashi, Navi Mumbai.400703.",151
11 - Vashi,"St. Mary's Multipurpose School, Ground Floor, Room No. 8, Sector 10A, Vashi, Navi Mumbai.400703.",151
12 - Vashi,"St. Mary's Multipurpose School, Ground Floor, Room No. 9, Sector 10A, Vashi, Navi Mumbai.400703.",151
13 - Vashi,"St. Mary's Multipurpose School, Ground Floor, Room No. 10, Sector 10A, Vashi, Navi Mumbai.400703.",151
14 - Vashi,"Father Agnel Multipurpose School (English Medium), Ground Floor, Room no. 1, Sector 9A, Vashi, Navi Mumbai.400703.",151
15 - Vashi,"Father Agnel Multipurpose School (English Medium), Ground Floor, Room no. 2, Sector 9A, Vashi, Navi Mumbai.400703.",151
16 - Vashi,"Father Agnel Multipurpose School (English Medium), Ground Floor, Room no. 3, Sector 9A, Vashi, Navi Mumbai.400703.",151
17 - Vashi,"I. C. L. High School, Ground Floor, Polling Station, Room No. 1, Sector 15 & 16, Vashi, Navi Mumbai.400703",151
18 - Vashi,"I. C. L. High School, Ground Floor, Polling Station, Room No. 2, Sector 15 & 16, Vashi, Navi Mumbai.400703",151
19 - Vashi,"i. C. L. High School, Ground Floor, Polling Station, Room No. 3, Sector 15 & 16, Vashi, Navi Mumbai.400703",151
20 - Vashi,"I. C. L. High School, Ground Floor, Polling Station, Room No. 4, Sector 15 & 16, Vashi, Navi Mumbai.400703",151
21 - Vashi,"i. C. L. High School, Ground Floor, Polling Station, Room No. 5, Sector 15 & 16, Vashi, Navi Mumbai.400703",151
22 - Vashi,"Karmveer Bhaurao Patil College (Modern College), Ground Floor, Room no. 1, Sector 16, Vashi, Navi Mumbai.400703.",151
23 - Vashi,"Karmveer Bhaurao Patil College (Modern College), Ground Floor, Room no. 2, Sector 16, Vashi, Navi Mumbai.400703.",151
24 - Vashi,"Karmveer Bhaurao Patil College (Modern College), Ground Floor, Room no. 3, Sector 16, Vashi, Navi Mumbai.400703.",151
25 - Vashi,"Karmveer Bhaurao Patil College (Modern College), Ground Floor, Room no. 4, Sector 16, Vashi, Navi Mumbai.400703.",151
26 - Vashi,"Karmveer Bhaurao Patil College (Modern College), Ground Floor, Center No. , Room no. 5, Sector 16, Vashi, Navi Mumbai.400703.",151
27 - Vashi,"Karmveer Bhaurao Patil College (Modern College), Ground Floor, Center No. , Room no. 6, Sector 16, Vashi, Navi Mumbai.400703.",151
28 - Vashi,"Karmveer Bhaurao Patil College (Modern College), Ground Floor, Partition Polling Station No. , Room no. 7, Sector 16, Vashi, Navi Mumbai.400703",151
29 - Vashi,"Motilal Jhunjhunwala College of Arts, Science and Commerce (ICL College), Ground Floor, Room No. 1, Sector 9A, Vashi, Navi Mumbai.400703.",151
30 - Vashi,"Motilal Jhunjhunwala College of Arts, Science and Commerce (ICL College), Ground Floor, Room No. 2, Sector 9A, Vashi, Navi Mumbai.400703.",151
31 - Vashi,"Motilal Jhunjhunwala College of Arts, Science and Commerce (ICL College), Ground Floor, Room No. 3, Sector 9A, Vashi, Navi Mumbai.400703.",151
32 - Turbe,"Anjuman-e-Islam Mustafa Fakir Urdu High School, Ground Floor, Room no. 1, Plot no. 109, Sector 21, Turbe, Navi Mumbai.400703.",151
33 - Vashi,"St. Lawrence High School, Ground Floor, Partition Polling Station, Room No. 1, Sector 16A, Vashi, Navi Mumbai.400703.",151
34 - Vashi,"St. Lawrence High School, Ground Floor, Partition Polling Station, Room No. 2, Sector 16A, Vashi, Navi Mumbai.400703.",151
35 - Vashi,"St. Lawrence High School, Ground Floor, Partition Polling Station, Room No. 3, Sector 16A, Vashi, Navi Mumbai.400703.",151
36 - Vashi,"St. Lawrence High School, Ground Floor, Partition Polling Station, Room No. 4, Sector 16A, Vashi, Navi Mumbai.400703.",151
37 - Vashi,"RYAN CHRISTIAN SCHOOL GROUND FLOOR, POLLING STATION, ROOM NO. 1, Sector 16A, Vashi, Navi Mumbai.400703",151
38 - Vashi,"RYAN CHRISTIAN SCHOOL GROUND FLOOR, POLLING STATION, ROOM NO. 2, Sector 16A, Vashi, Navi Mumbai.400703",151
39 - Vashi,"RYAN EDUCATION TRUST MODERN SCHOOL, GROUND FLOOR, ROOM NO. 1, Sector 8, Vashi, Navi Mumbai.400703.",151
40 - Vashi,"RYAN EDUCATION TRUST MODERN SCHOOL, GROUND FLOOR, ROOM NO. 2, Sector 8, Vashi, Navi Mumbai.400703.",151
41 - Vashi,"RYAN EDUCATION TRUST MODERN SCHOOL, GROUND FLOOR, ROOM NO. 3, Sector 8, Vashi, Navi Mumbai.400703.",151
42 - Vashi,"Sacred Heart High School, Ground Floor, Maidan Mandap Polling Station, Room no. 1, Sector 4, Vashi, Navi Mumbai.400703.",151
43 - Vashi,"Sacred Heart High School, Ground Floor, Maidan Mandap Polling Station, Room no. 2, Sector 4, Vashi, Navi Mumbai.400703.",151
44 - Vashi,"Sacred Heart High School, Ground Floor, Maidan Mandap Polling Station, Room no. 3, Sector 4, Vashi, Navi Mumbai.400703.",151
45 - Vashi,"Sacred Heart High School, Ground Floor, Maidan Mandap Polling Station, Room no. 4, Sector 4, Vashi, Navi Mumbai.400703.",151
46 - Vashi,"Sacred Heart High School, Ground Floor, Maidan Mandap Polling Station, Room no. 5, Sector 4, Vashi, Navi Mumbai.400703.",151
47 - Vashi,"Sacred Heart High School, Ground Floor, Maidan Mandap Polling Station, Room no. 6, Sector 4, Vashi, Navi Mumbai.400703.",151
48 - Turbhe,"ICL Educational Institution Operated Monami High School, New Building, Ground Floor, Room No. 1, Sector 21,Turbhe, Navi Mumbai.400703.",151
49 - Turbhe,"ICL Educational Institution Operated Monami High School, New Building, Ground Floor, Room No. 2, Sector 21, Turbe, Navi Mumbai.400703.",151
50 - Turbhe,"ICL Educational Institution Operated Monami High School, New Building Ground Floor, Room No. 3, Sector 21, Turbe, Navi Mumbai.400703.",151
51 - Turbhe,"ICL Educational Institution Operated Monami High School, New Building, Ground Floor, Room No. 4, Sector 21, Turbe, Navi Mumbai.400703.",151
52 - Turbhegaon,"ICL Educational Institution Operated Monami High School, New Building, Ground Floor, Room No. 5, Sector 21, Turbe, Navi Mumbai.400703.",151
53 - Turbhegaon,"ICL Educational Institution Operated Monami High School, New Building, Ground Floor, Room No. 6, Sector 21, Turbe, Navi Mumbai.400703.",151
54 - Turbhe,"Anjuman-e-Islam Mustafa Fakir Urdu High School, Ground Floor, Room no. 2 PLOT NO. 109, Sector 21, Turbe, Navi Mumbai.400703.",151
55 - Turbhe,"Anjuman-e-Islam Mustafa Fakir Urdu High School, Ground Floor, Room no. 3 PLOT NO. 109, Sector 21, Turbe, Navi Mumbai.400703.",151
56 - Turbhe Hanuman Nagar,"NAVI MUMBAI MUNICIPALITY SCHOOL NO. 24, GROUND FLOOR, ROOM NO. 1, Hanuman Nagar, Turbhe, Navi Mumbai. 400703.",151
57 - Turbhe Hanuman Nagar,"NAVI MUMBAI MUNICIPALITY SCHOOL NO. 24, GROUND FLOOR, ROOM NO. 2, Hanumannagar, Turbhe, Navi Mumbai. 400703.",151
58 - Turbhe Hanuman Nagar,"NAVI MUMBAI MUNICIPALITY SCHOOL NO. 24, GROUND FLOOR, ROOM NO. 3, Hanuman Nagar, Turbhe, Navi Mumbai 400703.",151
59 - Turbhenaka,"NAVI MUMBAI MUNICIPALITY SCHOOL NO. 24, GROUND FLOOR, VOTING CENTER, ROOM NO. 4, Hanuman Nagar, Turbhe, Navi Mumbai.400705.",151
60 - Turbhenaka,"NAVI MUMBAI MUNICIPALITY SCHOOL NO. 24, GROUND FLOOR, MANDAP POLLING STATION, ROOM NO. 5, Hanumannagar, Turbhe, Navi Mumbai.400705.",151
61 - Ganesh Nagar Turbhe,"NAVI MUMBAI MUNICIPALITY SCHOOL NO. 20, GROUND FLOOR, ROOM NO. 1, Sector 22, Turbhe Village, Navi Mumbai.400705.",151
62 - Ganesh Nagar Turbhe,"NAVI MUMBAI MUNICIPALITY SCHOOL NO. 20, GROUND FLOOR, ROOM NO. 2, Sector 22, Turbhe Village, Navi Mumbai.400705.",151
63 - Turbhe village,"NAVI MUMBAI MUNICIPALITY SCHOOL NO. 20, GROUND FLOOR, ROOM NO. 3, Sector 22, Turbhe Village, Navi Mumbai.400703.",151
64 - Turbe store,"NAV JIVAN HINDI HIGH SCHOOL, GROUND FLOOR, ROOM NO. 1, Turbhe Store, Navi Mumbai.400703.",151
65 - Turbe store,"NAV JIVAN HINDI HIGH SCHOOL, GROUND FLOOR, ROOM NO. 2, Turbhe Store, Navi Mumbai.400703.",151
66 - Turbe store,"NAV JIVAN HINDI HIGH SCHOOL, GROUND FLOOR, ROOM NO. 3, Turbostore, Navi Mumbai.400703.",151
67 - Turbe store,"NAV JIVAN HINDI HIGH SCHOOL, GROUND FLOOR, ROOM NO. 4, Turbhe Store, Navi Mumbai.400703.",151
68 - Turbe store,"NAV JIVAN HINDI HIGH SCHOOL, GROUND FLOOR, ROOM NO. 5, Turbhe Store, Navi Mumbai.400703.",151
69 - Turbe store,"Nav Jivan Hindi High School, Ground Floor, Polling Station No. Room No.6, Turbhe Store, Navi Mumbai.400703.",151
70 - Turbe store,"Nav Jivan Hindi High School, Ground Floor, Mandap Polling Station. No. Room No.7, Turbhe Store, Navi Mumbai.400703.",151
71 - Turbe store,"NAVI MUMBAI MUNICIPALITY SCHOOL NO. 24, GROUND FLOOR, MANDAP POLLING STATION, ROOM NO. 6 , Hanuman Nagar, Turbhe, Navi Mumbai.400705.",151
72 - Turbe store,"NAVI MUMBAI MUNICIPALITY SCHOOL NO. 24, GROUND FLOOR, MANDAP POLLING STATION, ROOM NO. 7 , Hanumannagar, Turbhe, Navi Mumbai.400705.",151
73 - Vashi,"Navi Mumbai High School (IES), Sports Hall, Partition Room No.1, Sector-1, Vashi, Navi Mumbai-400706",151
74 - Vashi,"Navi Mumbai High School (IES), Sports Hall, Partition Room No.2, Sector-1, Vashi, Navi Mumbai-400706",151
75 - Vashi,"Navi Mumbai High School (IES), Sports Hall, Partition Room No.3, Sector-1, Vashi, Navi Mumbai-400706",151
76 - Vashi,"Navi Mumbai High School (IES), Sports Hall, Partition Room No.4, Sector-1, Vashi, Navi Mumbai-400706",151
77 - Vashi,"Navi Mumbai High School (IES), Sports Hall, Partition Room No. 5, Sector-1, Vashi, Navi Mumbai-400706",151
78 - Vashi,"Navi Mumbai High School (IES), Sports Hall, Partition Room No. 6, Sector-1, Vashi, Navi Mumbai-400706",151
79 - Vashi,"Navi Mumbai High School (IES), Sports Hall, Partition Room No. 7, Sector-1, Vashi, Navi Mumbai-400706",151
80 - Vashi,"Navi Mumbai High School (IES), Sports Hall, Partition Room No. 8, Sector-1, Vashi, Navi Mumbai-400706",151
81 - Turbhe,"Anjuman-e-Islam Mustafa Fakir Urdu High School, Ground Floor, Room no. 4 PLOT NO. 109, Sector 21, Turbe, Navi Mumbai.400703.",151
82 - Turbhe,"Anjuman-e-Islam Mustafa Fakir Urdu High School, Ground Floor, Partition Polling Station Room No. 5 PLOT NO. 109, Sector 21, Turbe, Navi Mumbai.400703.",151
83 - Vashi,"Navi Mumbai Primary School, I. e. S. School, Ground Floor, Room No. 1, Sector 2, Vashi, Navi Mumbai.400703.",151
84 - Vashi,"Navi Mumbai Primary School, I. e. S. School, Ground Floor, Polling Station, Room No. 2, Sector 2, Vashi, Navi Mumbai.400703.",151
85 - Vashi,"Navi Mumbai Primary School, I. e. S. School, Ground Floor, Polling Station, Room No. 3, Sector 2, Vashi, Navi Mumbai.400703.",151
86 - Vashi,"Navi Mumbai Primary School, I. e. S. School, Ground Floor, Polling Station, Room No. 4, Sector 2, Vashi, Navi Mumbai.400703.",151
87 - Vashi,"Navi Mumbai Primary School, I. e. S. School, Ground Floor, Polling Station, Room No. 5, Sector 2, Vashi, Navi Mumbai.400703.",151
88 - Turbhe village,"Dr. S. V. Samanta Vidyalaya (Old Building) Ground Floor, Room No. 1, Turbe, Navi Mumbai.400703.",151
89 - Turbhe village,"Dr. S. V. Samanta Vidyalaya (Old Building) Ground Floor, Room No. 2, Turbe, Navi Mumbai.400703.",151
90 - Turbhe village,"Dr. S. V. Samanta Vidyalaya (New Building), Ground Floor, Polling Station, Room no. 3, Turbhe, Navi Mumbai.400703",151
91 - Turbhe village,"Dr. S. V. Samanta Vidyalaya (New Building), Ground Floor, Polling Station, Room no. 4, Turbhe, Navi Mumbai.400703",151
92 - Turbhe village,"NAVI MUMBAI MUNICIPALITY SCHOOL NO. 20, GROUND FLOOR, ROOM NO. 4, Sector 22, Turbhe Village, Navi Mumbai.400703.",151
93 - Turbhe village,"NAVI MUMBAI MUNICIPALITY SCHOOL NO. 20, GROUND FLOOR, ROOM NO. 5, Sector 22, Turbhe Village, Navi Mumbai.400703.",151
94 - Turbhe village,"NAVI MUMBAI MUNICIPALITY SCHOOL NO. 20, GROUND FLOOR, ROOM NO. 6, Sector 22, Turbhe Village, Navi Mumbai.400703.",151
95 - Turbhe village,"NAVI MUMBAI MUNICIPALITY SCHOOL NO. 20, GROUND FLOOR, ROOM NO. 7, Sector 22, Turbhe Village, Navi Mumbai.400703.",151
96 - Turbhe village,"NAVI MUMBAI MUNICIPALITY SCHOOL NO. 20, GROUND FLOOR, ROOM NO. 8, Sector 22, Turbhe Village, Navi Mumbai.400703.",151
97 - Vashi,"NAVI MUMBAI MUNICIPALITY SCHOOL NO. 27, Sankul Pragati Vidyalaya, Ground Floor, Polling Room No.1, Washigaon, Navi Mumbai.400703.",151
98 - Vashi,"NAVI MUMBAI MUNICIPALITY SCHOOL NO. 27, Sankul Pragati Vidyalaya, Ground Floor, Partition Polling Station Room No.2, Washigaon, Navi Mumbai.400703",151
99 - Vashi,"NAVI MUMBAI MUNICIPALITY SCHOOL NO. 27, Sankul Pragati Vidyalaya, Ground Floor, Partition Polling Station Room No.3, Washigaon, Navi Mumbai.400703",151
100 - Vashi,"NAVI MUMBAI MUNICIPALITY SCHOOL NO. 27, Sankul Pragati Vidyalaya, Ground Floor, Partition Polling Station Room No.4, Washigaon, Navi Mumbai.400703",151
101 - Vashi village,"NAVI MUMBAI MUNICIPALITY SCHOOL NO. 27, Sankul Pragati Vidyalaya, Ground Floor, Partition Polling Station Room No.5, Washigaon, Navi Mumbai.400703",151
102 - Vashi village,"NAVI MUMBAI MUNICIPALITY SCHOOL NO. 27, Sankul Pragati Vidyalaya, Ground Floor, Polling Station Room No.6, Washigaon, Navi Mumbai.400703",151
103 - Vashi village,"NAVI MUMBAI MUNICIPALITY SCHOOL NO. 27, Sankul Pragati Vidyalaya, Ground Floor, Polling Station Room No.7, Washigaon, Navi Mumbai.400703",151
104 - Vashi village,"NAVI MUMBAI MUNICIPALITY SCHOOL NO. 27, Sankul Pragati Vidyalaya, Ground Floor, Polling Station Room No.8, Washigaon, Navi Mumbai.400703",151
105 - Vashi village,"NAVI MUMBAI MUNICIPALITY SCHOOL NO. 27, Sankul Pragati Vidyalaya, Ground Floor, Polling Station Room No.9, Washigaon, Navi Mumbai.400703.",151
106 - Sanpada Juinagar,"NAVI MUMBAI MUNICIPALITY SCHOOL NO. 18, GROUND FLOOR, ROOM NO. 1, Sector 5, Sanpada, Navi Mumbai.400705",151
107 - Sanpada,"NAVI MUMBAI MUNICIPALITY SCHOOL NO. 18, Ground Floor, Room No.2, Sector-5, Sanpada, Navi Mumbai.400705",151
108 - Sanpada,"NAVI MUMBAI MUNICIPALITY SCHOOL NO. 18, Ground Floor, Room No.3, Sector-5, Sanpada, Navi Mumbai.400706",151
109 - Sanpada,"NAVI MUMBAI MUNICIPALITY SCHOOL NO. 18, Ground Floor, Room No.4, Sector-5, Sanpada, Navi Mumbai.400707",151
110 - Sanpada,"NAVI MUMBAI MUNICIPALITY SCHOOL NO. 18, Ground Floor, Polling Station, Room 5, Sector 5, Sanpada, Navi Mumbai.400709",151
111 - Sanpada,"NAVI MUMBAI MUNICIPALITY SCHOOL NO. 18, Ground Floor, Partition Polling Station, Room 6, Sector 5, Sanpada, Navi Mumbai.400709",151
112 - Sanpada,"NAVI MUMBAI MUNICIPALITY SCHOOL NO. 18, Ground Floor, Partition Polling Station, Room 7, Sector 5, Sanpada, Navi Mumbai.400709",151
113 - Sanpada,"Vivekananda Complex Sanpada (Marathi Medium), Ground Floor, Room no. 1, Sector 4, Sanpada, Navi Mumbai.400705",151
114 - Sanpada,"Vivekananda Complex Sanpada (Marathi Medium), Ground Floor, Room no. 2, Sector 4, Sanpada, Navi Mumbai.400705",151
115 - Sanpada,"Vivekananda Complex Sanpada (Marathi Medium), Ground Floor, Room no. 3, Sector 4, Sanpada, Navi Mumbai.400705",151
116 - Sanpada,"Vivekananda Complex Sanpada (Marathi Medium), Ground Floor, Room no. 4, Sector 4, Sanpada, Navi Mumbai.400705",151
117 - Sanpada,"Vivekananda Complex Sanpada (Marathi Medium), Ground Floor, Room no. 5, Sector 4, Sanpada, Navi Mumbai.400705",151
118 - Sanpada,"Vivekananda Complex Sanpada (Marathi Medium), Ground Floor, Room no. 6, Sector 4, Sanpada, Navi Mumbai.400705",151
119 - Sanpada,"Vivekananda Complex Sanpada (Marathi Medium), Ground Floor, Room no. 7, Sector 4, Sanpada, Navi Mumbai.400705",151
120 - Sanpada,"Vivekananda Complex Sanpada (Marathi Medium), Ground Floor, Room no. 8, Sector 4, Sanpada, Navi Mumbai.400705",151
121 - Sanpada,"Vivekananda Complex Sanpada (Marathi Medium), Ground Floor, Room no. 9, Sector 4, Sanpada, Navi Mumbai.400705",151
122 - Sanpada,"Vivekananda Complex Sanpada (Marathi Medium), Ground Floor, Partition Polling Station Room No. 10, Sector 4, Sanpada, Navi Mumbai.400705",151
123 - Sanpada,"Vivekananda Complex Sanpada (Marathi Medium), Ground Floor, Partition Polling Station Room No. 11, Sector 4, Sanpada, Navi Mumbai.400705",151
124 - Sanpada,"Seventhday Advantage Higher Secondary School, Ground Floor, Room No. 1, Sector-8, Sanpada, Navi Mumbai.400706.",151
125 - Sanpada,"Seventhday Advantage Higher Secondary School, Ground Floor, Room No. 2, Sector-8, Sanpada, Navi Mumbai.400706.",151
126 - Sanpada,"Seventhday Advantage Higher Secondary School, Ground Floor, Room No. 3, Sector-8, Sanpada, Navi Mumbai.400706.",151
127 - Sanpada,"Seventhday Advantage Higher Secondary School, Ground Floor, Room No. 4, Sector-8, Sanpada, Navi Mumbai.400706.",151
128 - Sanpada,"Seventhday Advantage Higher Secondary School, Ground Floor, Room No. 5, Sector-8, Sanpada, Navi Mumbai.400706.",151
129 - Sanpada,"Seventhday Advantage Higher Secondary School, Ground Floor, Room No. 6, Sector-8, Sanpada, Navi Mumbai.400706.",151
130 - Sanpada,"Seventhday Advantage Higher Secondary School, Ground Floor, Room No. 7, Sector-8, Sanpada, Navi Mumbai.400706.",151
131 - Sanpada,"Seventhday Advantage Higher Secondary School, Ground Floor, Room No. 8, Sector-8, Sanpada, Navi Mumbai.400706.",151
132 - Sanpada,"Seventhday Advantage Higher Secondary School, Ground Floor, Room No. 9, Sector-8, Sanpada, Navi Mumbai.400706.",151
133 - Juinagar,"NAVI MUMBAI MUNICIPALITY SCHOOL NO. 17 (New Building), Ground Floor, Room no. 1, Sector 23, Juinagar, Navi Mumbai.400705.",151
134 - Juinagar,"NAVI MUMBAI MUNICIPALITY SCHOOL NO. 17 (New Building), Ground Floor, Room no. 2, Sector 23, Juinagar, Navi Mumbai.400705.",151
135 - Juinagar,"NAVI MUMBAI MUNICIPALITY SCHOOL NO. 17 (New Building), Ground Floor, Room no. 4, Sector 23, Juinagar, Navi Mumbai.400705.",151
136 - Juinagar,"NAVI MUMBAI MUNICIPALITY SCHOOL NO. 17 (New Building), Ground Floor, Room no. 3, Sector 23, Juinagar, Navi Mumbai.400705.",151
137 - Juinagar,"NAVI MUMBAI MUNICIPALITY SCHOOL NO. 17 (New Building), Ground Floor, Room no. 5, Sector 23, Juinagar, Navi Mumbai.400705.",151
138 - Juinagar,"Amrita Vidyalaya, Ground Floor, Room no. 1, Sector 25. Juinagar. Navi Mumbai.400705.",151
139 - Juinagar,"Amrita Vidyalaya, Ground Floor, Room no. 2, Sector 25. Juinagar. Navi Mumbai.400705.",151
140 - Juinagar,"Amrita Vidyalaya, Ground Floor, Room no. 3, Sector 25. Juinagar. Navi Mumbai.400705.",151
141 - Juinagar,"Amrita Vidyalaya, Ground Floor, Room no. 4, Sector 25, Jui Nagar, Navi Mumbai.400705.",151
142 - Juinagar,"Amrita Vidyalaya, Ground Floor, Room no. 5, Sector 25, Jui Nagar, Navi Mumbai.400705.",151
143 - Juinagar,"Amrita Vidyalaya, Ground Floor, Room no. 6, Sector 25, Jui Nagar, Navi Mumbai.400705.",151
144 - Juinagar,"Amrita Vidyalaya, Ground Floor, Room no. 7, Sector 25, Jui Nagar, Navi Mumbai.400705.",151
145 - Juinagar,"Amrita Vidyalaya, Ground Floor, Room no. 8, Sector 25, Jui Nagar, Navi Mumbai.400705.",151
146 - Juinagar,"Amrita Vidyalaya, Ground Floor, Polling Station, Room no. 9, Sector 25, Jui Nagar, Navi Mumbai.400705.",151
147 - Juinagar,"Navi Mumbai Municipal Corporation, Gawdevi Samaj Mandir Hall Juinagar, Partition Polling Station-1, Sector-25, Juinagar, Navi Mumbai 400705",151
148 - Juinagar,"Navi Mumbai Municipal Corporation, Gawdevi Samaj Mandir Hall Juinagar, Partition Polling Station-2 Sector-25, Juinagar, Navi Mumbai 400705",151
149 - Juinagar,"Navi Mumbai Municipal Corporation, Gawdevi Samaj Mandir Hall Juinagar, Partition Polling Station-3, Sector-25, Juinagar, Navi Mumbai 400705",151
150 - Juinagar,"Navi Mumbai Municipal Corporation, Gawdevi Samaj Mandir Hall Juinagar, Partition Polling Station-4, Sector-25, Juinagar, Navi Mumbai 400705",151
151 - Juinagar,"Navi Mumbai Municipal Corporation, Gawdevi Samaj Mandir Hall Juinagar, Partition Polling Station-5, Sector-25, Juinagar, Navi Mumbai 400705",151
152 - Juinagar,"Navi Mumbai Municipal Corporation, Gawdevi Samaj Mandir Hall Juinagar, Partition Polling Station-6, Sector-25, Juinagar, Navi Mumbai 400705",151
153 - Shiravane,"NAVI MUMBAI MUNICIPALITY SCHOOL NO. 15 & 101, PRIMARY & SECONDARY SCHOOL, GROUND FLOOR, ROOM NO. 1, Shiravane, Navi Mumbai.400706.",151
154 - Shiravane,"NAVI MUMBAI MUNICIPALITY SCHOOL NO. 15 & 101, PRIMARY & SECONDARY SCHOOL, GROUND FLOOR, ROOM NO. 2, Shiravane, Navi Mumbai.400706.",151
155 - Shiravane,"NAVI MUMBAI MUNICIPALITY SCHOOL NO. 15 & 101, PRIMARY & SECONDARY SCHOOL, GROUND FLOOR, ROOM NO. 3, Shiravane, Navi Mumbai.400706.",151
156 - Shiravane,"NAVI MUMBAI MUNICIPALITY SCHOOL NO. 15 & 101, PRIMARY & SECONDARY SCHOOL, GROUND FLOOR, POLLING STATION, ROOM NO. 4, Shiravane, Navi Mumbai.400706.",151
157 - Shiravane,"NAVI MUMBAI MUNICIPALITY SCHOOL NO. 15 & 101, PRIMARY & SECONDARY SCHOOL, GROUND FLOOR, POLLING STATION, ROOM NO. 5, Shiravane, Navi Mumbai.400706.",151
158 - Shiravane,"NAVI MUMBAI MUNICIPALITY SCHOOL NO. 15 & 101, PRIMARY & SECONDARY SCHOOL, GROUND FLOOR, POLLING STATION, ROOM NO. 6, Shiravane, Navi Mumbai.400706.",151
159 - Shiravane,"Navi Mumbai Municipal Art Centre, Partition Polling Station- 07, Shiravane, Navi Mumbai 400706",151
160 - Shiravane,"NAVI MUMBAI MUNICIPALITY SCHOOL NO. 15 & 101, PRIMARY & SECONDARY SCHOOL, GROUND FLOOR, ROOM NO. 8, Shiravane, Navi Mumbai.400706.",151
161 - Shiravane,"NAVI MUMBAI MUNICIPALITY SCHOOL NO. 15 & 101, PRIMARY & SECONDARY SCHOOL, GROUND FLOOR, ROOM NO. 9, Shiravane, Navi Mumbai.400706.",151
162 - Shiravane,"NAVI MUMBAI MUNICIPALITY SCHOOL NO. 15 & 101, PRIMARY & SECONDARY SCHOOL, GROUND FLOOR, ROOM NO. 10, Shiravane, Navi Mumbai.400706.",151
163 - Shiravane,"Navi Mumbai Municipal Art Centre, Partition Polling Station- 11, Shiravane, Navi Mumbai 400706",151
164 - Shiravane,"NAVI MUMBAI MUNICIPALITY SCHOOL NO. 15 & 101, PRIMARY & SECONDARY SCHOOL, GROUND FLOOR, MAIDAN MANDAP POLLING STATION, ROOM NO. 12, Shiravane, Navi Mumbai.400706.",151
165 - Shiravane,"NAVI MUMBAI MUNICIPALITY SCHOOL NO. 15 & 101, PRIMARY & SECONDARY SCHOOL, GROUND FLOOR, MAIDAN MANDAP POLLING STATION, ROOM NO. 13, Shiravane, Navi Mumbai.400706.",151
166 - Shiravane,"NAVI MUMBAI MUNICIPALITY SCHOOL NO. 15 & 101, PRIMARY & SECONDARY SCHOOL, GROUND FLOOR, MAIDAN MANDAP POLLING STATION, ROOM NO. 14, Shiravane, Navi Mumbai.400706.",151
167 - Shiravane,"NAVI MUMBAI MUNICIPALITY SCHOOL NO. 15 & 101, PRIMARY & SECONDARY SCHOOL, GROUND FLOOR, MAIDAN MANDAP POLLING STATION, ROOM NO. 15, Shiravane, Navi Mumbai.400706.",151
168 - Shiravane Shivaji Nagar,"NAVI MUMBAI MUNICIPALITY SCHOOL NO. 16, GROUND FLOOR, ROOM NO. 1, Shiravane, Shivajinagar, Navi Mumbai.400706.",151
169 - Shiravane Shivaji Nagar,"NAVI MUMBAI MUNICIPALITY SCHOOL NO. 16, GROUND FLOOR, ROOM NO. 2, Shiravane, Shivajinagar, Navi Mumbai.400706.",151
170 - Shiravane Shivaji Nagar,"NAVI MUMBAI MUNICIPALITY SCHOOL NO. 16, GROUND FLOOR, POLLING STATION, ROOM NO. 3, Shiravane, Shivajinagar, Navi Mumbai.400706.",151
171 - Shiravane Shivaji Nagar,"NAVI MUMBAI MUNICIPALITY SCHOOL NO. 16, Ground Floor, Maidan Mandap Polling Station, Room no. 4, Shiravane, Shivajinagar, Navi Mumbai.400706.",151
172 - Nerul,"Shiravane Vidyalaya and Junior College, Ground Floor, Room no. 1, Sector 2, Nerul, Navi Mumbai.400706.",151
173 - Nerul,"Shiravane Vidyalaya and Junior College, Ground Floor, Room no. 2, Sector 2, Nerul, Navi Mumbai.400706.",151
174 - Nerul,"Shiravane Vidyalaya and Junior College, Ground Floor, Room no. 3, Sector 2, Nerul, Navi Mumbai.400706.",151
175 - Nerul,"Shiravane Vidyalaya and Junior College, Ground Floor, Room no. 4, Sector 2, Nerul, Navi Mumbai.400706.",151
176 - Nerul,"Shiravane Vidyalaya and Junior College, Ground Floor, Room no. 5, Sector 2, Nerul, Navi Mumbai.400706.",151
177 - Nerul,"Shiravane Vidyalaya and Junior College, Ground Floor, Room no. 7, Sector 6, Nerul, Navi Mumbai.400706.",151
178 - Nerul,"Shiravane Vidyalaya and Junior College, Ground Floor, Room no. 7, Sector 2, Nerul, Navi Mumbai.400706.",151
179 - Nerul,"Dr. D. Y. Patil Engineering College, R. A. i. T., GROUND FLOOR, ROOM NO. 1, Sector 5, Nerul, Navi Mumbai.400706.",151
180 - Nerul,"Dr. D. Y. Patil Engineering College, R. A. i. T., GROUND FLOOR, ROOM NO. 2, Sector 5, Nerul, Navi Mumbai.400706.",151
181 - Nerul,"Dr. D. Y. Patil Engineering College, R. A. i. T., GROUND FLOOR, ROOM NO. 3, Sector 5, Nerul, Navi Mumbai.400706.",151
182 - Nerul,"Dr. D. Y. Patil Engineering College, R. A. i. T., GROUND FLOOR, ROOM NO. 4, Sector 5, Nerul, Navi Mumbai.400706.",151
183 - Nerul,"Dr. D. Y. Patil Engineering College, R. A. i. T., GROUND FLOOR, ROOM NO. 5, Sector 5, Nerul, Navi Mumbai.400706.",151
184 - Nerul,"Dr. D. Y. Patil Engineering College, R. A. i. T., GROUND FLOOR, ROOM NO. 6, Sector 5, Nerul, Navi Mumbai.400706.",151
185 - Sarasole,"NAVI MUMBAI MUNICIPALITY SCHOOL NO. 12, GROUND FLOOR, ROOM NO. 1, Sarasole, Nerul, Navi Mumbai.400706.",151
186 - Sarasole,"NAVI MUMBAI MUNICIPALITY SCHOOL NO. 12, GROUND FLOOR, ROOM NO. 2, Sarasole, Nerul, Navi Mumbai.400706.",151
187 - Sarasole,"NAVI MUMBAI MUNICIPALITY SCHOOL NO. 12, GROUND FLOOR, ROOM NO. 3, Sarasole, Nerul, Navi Mumbai.400706.",151
188 - Sarasole,"NAVI MUMBAI MUNICIPALITY SCHOOL NO. 12, GROUND FLOOR, ROOM NO. 4, Sarasole, Nerul, Navi Mumbai.400706.",151
189 - Sarasole,"NAVI MUMBAI MUNICIPALITY SCHOOL NO. 12, GROUND FLOOR, POLLING STATION, ROOM NO. 5, Sarasole, Nerul, Navi Mumbai.400706.",151
190 - Sarasole,"NAVI MUMBAI MUNICIPALITY SCHOOL NO. 12, GROUND FLOOR, POLLING STATION, ROOM NO. 6, Sarasole, Nerul, Navi Mumbai.400706.",151
191 - Sarasole,"NAVI MUMBAI MUNICIPALITY SCHOOL NO. 12, GROUND FLOOR, POLLING STATION, ROOM NO. 7, Sarasole, Nerul, Navi Mumbai.400706.",151
192 - Sarasole,"NAVI MUMBAI MUNICIPALITY SCHOOL NO. 12, GROUND FLOOR, POLLING STATION, ROOM NO. 8, Sarasole, Nerul, Navi Mumbai.400706.",151
193 - Sarasole,"NAVI MUMBAI MUNICIPALITY SCHOOL NO. 12, GROUND FLOOR, POLLING STATION, ROOM NO. 9, Sarasole, Nerul, Navi Mumbai.400706.",151
194 - Nerul,"M.G.M. HIGH SCHOOL & JUNIOR COLLEGE, GROUND FLOOR, ROOM NO. 1, Sector 8, Nerul, Navi Mumbai.400706.",151
195 - Nerul,"M.G.M. HIGH SCHOOL & JUNIOR COLLEGE, GROUND FLOOR, ROOM NO. 2, Sector 8, Nerul, Navi Mumbai.400706.",151
196 - Nerul,"M.G.M. HIGH SCHOOL & JUNIOR COLLEGE, GROUND FLOOR, ROOM NO. 3, Sector 8, Nerul, Navi Mumbai.400706.",151
197 - Nerul,"M.G.M. High School & Junior College, Ground Floor, Room No.4, Sector 8, Nerul, Navi Mumbai.400706.",151
198 - Nerul,"M.G.M. High School & Junior College, Ground Floor, Room No.5, Sector 8, Nerul, Navi Mumbai.400706.",151
199 - Nerul,"M.G.M. HIGH SCHOOL & JUNIOR COLLEGE, GROUND FLOOR, ROOM NO. 6, Sector 8, Nerul, Navi Mumbai.400706.",151
200 - Nerul,"St. Xavier's School, Ground Floor, Room No. 1, Sector 3, Nerul, Navi Mumbai.400706.",151
201 - Nerul,"St. Xavier's School, Ground Floor, Room No. 2, Sector 3, Nerul, Navi Mumbai.400706.",151
202 - Nerul,"St. Xavier's School, Ground Floor, Room No. 3, Sector 3, Nerul, Navi Mumbai.400706.",151
203 - Nerul,"St. Xavier's School, Ground Floor, Room No. 4, Sector 3, Nerul, Navi Mumbai.400706.",151
204 - Nerul,"Skills and Abilities (Heart-Retarded and Deaf-Mute) School for Children, Ground Floor, Room no. 1, Sector 11, Plot no. 9, Nerul (East), Navi Mumbai.400706.",151
205 - Nerul,"Skills and Abilities (Heart-Retarded and Deaf-Mute) School for Children, Ground Floor, Room no. 2, Sector 11, Plot no. 9, Nerul (East), Navi Mumbai.400706.",151
206 - Nerul,"Skills and Abilities (Heart-Retarded and Deaf-Mute) School for Children, Ground Floor, Room no. 3, Sector 11, Plot no. 9, Nerul (East), Navi Mumbai.400706.",151
207 - Nerul,"Skills and Abilities (Heart-Retarded and Deaf-Mute) School for Children, Ground Floor, Room no. 4, Sector 11, Plot no. 9, Nerul (East), Navi Mumbai.400706.",151
208 - Kukshet,"MUMBAI MUNICIPALITY SCHOOL NO. 11, GROUND FLOOR, ROOM NO. 1, Sector 14, Navin Kukshet, Nerul, Navi Mumbai.400706.",151
209 - Kukshet,"MUMBAI MUNICIPALITY SCHOOL NO. 11, GROUND FLOOR, ROOM NO. 2, Sector 14, Navin Kukshet, Nerul, Navi Mumbai.400706.",151
210 - Kukshet,"MUMBAI MUNICIPALITY SCHOOL NO. 11, GROUND FLOOR, ROOM NO. 3, Sector 14, Navin Kukshet, Nerul, Navi Mumbai.400706.",151
211 - Kukshet,"MUMBAI MUNICIPALITY SCHOOL NO. 11, GROUND FLOOR, ROOM NO. 4, Sector 14, Navin Kukshet, Nerul, Navi Mumbai.400706.",151
212 - Nerul,"NAVI MUMBAI MUNICIPALITY SCHOOL NO. 10, GROUND FLOOR, ROOM NO. 1, Nerulgaon, Navi Mumbai.400706.",151
213 - Nerul,"NAVI MUMBAI MUNICIPALITY SCHOOL NO. 10, GROUND FLOOR, ROOM NO. 2, Nerulgaon, Navi Mumbai.400706.",151
214 - Nerul,"NAVI MUMBAI MUNICIPALITY SCHOOL NO. 10, GROUND FLOOR, ROOM NO. 3, Nerulgaon, Navi Mumbai.400706.",151
215 - Nerul,"NAVI MUMBAI MUNICIPALITY SCHOOL NO. 10, GROUND FLOOR, ROOM NO. 4, Nerulgaon, Navi Mumbai.400706.",151
216 - Nerul,"NAVI MUMBAI MUNICIPALITY SCHOOL NO. 10, Ground Floor, Partition Polling Station in Shed, Room No.13, Nerulgaon, Navi Mumbai.400706",151
217 - Nerul,"NAVI MUMBAI MUNICIPALITY SCHOOL NO. 10, GROUND FLOOR, ROOM NO. 5, Nerulgaon, Navi Mumbai.400706.",151
218 - Nerul,"NAVI MUMBAI MUNICIPALITY SCHOOL NO. 10, GROUND FLOOR, ROOM NO. 6, Nerulgaon, Navi Mumbai.400706.",151
219 - Nerul,"Navi Mumbai Mahanagara Palika School No.10, Ground Floor, Room no. 7, Nerulgaon, Navi Mumbai.400706.",151
220 - Nerul,"NAVI MUMBAI MUNICIPALITY SCHOOL NO. 10, GROUND FLOOR, PARTITION POLLING STATION ROOM NO. 8, Nerulgaon, Navi Mumbai.400706.",151
221 - Nerul village,"NAVI MUMBAI MUNICIPALITY SCHOOL NO. 10, GROUND FLOOR, PARTITION POLLING STATION, ROOM NO. 9, Nerulgaon, Navi Mumbai.400706",151
222 - Nerul village,"NAVI MUMBAI MUNICIPALITY SCHOOL NO. 10, GROUND FLOOR, PARTITION POLLING STATION, ROOM NO. 10, Nerulgaon, Navi Mumbai.400706",151
223 - Nerul village,"NAVI MUMBAI MUNICIPALITY SCHOOL NO. 10, GROUND FLOOR, PARTITION POLLING STATION, ROOM NO. 11, Nerulgaon, Navi Mumbai.400706",151
224 - Nerul village,"NAVI MUMBAI MUNICIPALITY SCHOOL NO. 10, GROUND FLOOR, PARTITION POLLING STATION, ROOM NO. 12, Nerulgaon, Navi Mumbai.400706",151
225 - Nerul,"St. Augustine's School, Ground Floor, Partition Polling Station, Room No. 1, Sector 11, Nerul, Navi Mumbai.400706",151
226 - Nerul,"St. Augustine's School, Ground Floor, Partition Polling Station, Room No. 2, Sector 11, Nerul, Navi Mumbai.400706",151
227 - Nerul,"St. Augustine's School, Ground Floor, Partition Polling Station, Room No. 3, Sector 11, Nerul, Navi Mumbai.400706",151
228 - Nerul,"St. Augustine's School, Ground Floor, Partition Polling Station, Room No. 4, Sector 11, Nerul, Navi Mumbai.400706",151
229 - Nerul,"St. Augustine's School, Ground Floor, Partition Polling Station, Room No. 5, Sector 11, Nerul, Navi Mumbai.400706",151
230 - Nerul,"St. Augustine's School, Ground Floor, Partition Polling Station, Room No. 6, Sector 11, Nerul, Navi Mumbai.400706",151
231 - Nerul,"Nutan Marathi High School, Ground Floor Polling Station Room No.1, Sector 19, Nerul, Navi Mumbai.400706.",151
232 - Nerul,"Nutan Marathi High School, Ground Floor Polling Station Room No.2, Sector 19, Nerul, Navi Mumbai.400706.",151
233 - Nerul,"St. Augustine's School, Ground Floor, Partition Polling Station, Room No. 7, Sector 11, Nerul, Navi Mumbai.400706",151
234 - Nerul,"St. Augustine's School, Ground Floor, Partition Polling Station, Room No.8, Sector 11, Nerul, Navi Mumbai.400706",151
235 - Nerul,"St. Augustine's School, Ground Floor, Polling Station, Room No. 9, Sector 11, Nerul, Navi Mumbai.400706",151
236 - Nerul,"TERANA SCHOOL AND JUNIOR COLLEGE, GROUND FLOOR, ROOM NO. 1, Sector 12, Nerul, Navi Mumbai.400706.",151
237 - Nerul,"TERANA SCHOOL AND JUNIOR COLLEGE, GROUND FLOOR, ROOM NO. 2, Sector 12, Nerul, Navi Mumbai.400706.",151
238 - Nerul,"TERANA SCHOOL AND JUNIOR COLLEGE, GROUND FLOOR, ROOM NO. 3, Sector 12, Nerul, Navi Mumbai.400706.",151
239 - Nerul,"TERANA SCHOOL AND JUNIOR COLLEGE, GROUND FLOOR, ROOM NO. 4, Sector 12, Nerul, Navi Mumbai.400706.",151
240 - Nerul,"TERANA SCHOOL AND JUNIOR COLLEGE, GROUND FLOOR, ROOM NO. 5, Sector 12, Nerul, Navi Mumbai.400706.",151
241 - Nerul,"TERANA SCHOOL AND JUNIOR COLLEGE, GROUND FLOOR, ROOM NO. 6, Sector 12, Nerul, Navi Mumbai.400706.",151
242 - Nerul,"TERANA SCHOOL AND JUNIOR COLLEGE, GROUND FLOOR, ROOM NO. 7, Sector 12, Nerul, Navi Mumbai.400706.",151
243 - Nerul,"TERANA SCHOOL AND JUNIOR COLLEGE, GROUND FLOOR, ROOM NO. 8, Sector 12, Nerul, Navi Mumbai.400706.",151
244 - Nerul,"TERANA SCHOOL AND JUNIOR COLLEGE, GROUND FLOOR FLOOR, ROOM NO. 9, Sector 12, Nerul, Navi Mumbai.400706.",151
245 - Nerul,"TERANA SCHOOL AND JUNIOR COLLEGE, GROUND FLOOR, ROOM NO. 10, Sector 9, Nerul, Navi Mumbai.400706.",151
246 - Nerul,"TERANA SCHOOL AND JUNIOR COLLEGE, GROUND FLOOR, ROOM NO. 11, Sector 9, Nerul, Navi Mumbai.400706.",151
247 - Nerul,"TERANA SCHOOL AND JUNIOR COLLEGE, PARTITION GROUND FLOOR, ROOM NO. 12, Sector 9, Nerul, Navi Mumbai.400706.",151
248 - Nerul,"Vidya Bhavan High School, Ground Floor, Room no. 1, Sector 18, Nerul, Navi Mumbai.400706.",151
249 - Nerul,"Vidya Bhavan High School, Ground Floor, Room no. 2, Sector 18, Nerul, Navi Mumbai.400706.",151
250 - Nerul,"Vidya Bhavan High School, Ground Floor, Room no. 3, Sector 18, Nerul, Navi Mumbai.400706.",151
251 - Nerul,"Vidya Bhavan High School, Ground Floor, Room no. 4, Sector 18, Nerul, Navi Mumbai.400706.",151
252 - Nerul,"Vidya Bhavan High School, Ground Floor, Room no. 5, Sector 18, Nerul, Navi Mumbai.400706.",151
253 - Nerul,"Vidya Bhavan High School, Ground Floor, Room no. 6, Sector 18, Nerul, Navi Mumbai.400706.",151
254 - Nerul,"Vidya Bhavan High School, Ground Floor, Room no. 7, Sector 18, Nerul, Navi Mumbai.400706.",151
255 - Nerul,"Vidya Bhavan High School, Ground Floor, Room no. 8, Sector 18, Nerul, Navi Mumbai.400706.",151
256 - Nerul,"Vidya Bhavan High School, Ground Floor, Maidan Partition Pavilion Polling Station, Room no. 09, Sector 18, Nerul, Navi Mumbai.400706.",151
257 - Nerul,"Vidya Bhavan High School, Ground Floor, Maidan Partition Pavilion Polling Station, Room no. 10, Sector 18, Nerul, Navi Mumbai.400706.",151
258 - Nerul,"Vidya Bhavan High School, Ground Floor, Maidan Partition Pavilion Polling Station, Room no. 11, Sector 18, Nerul, Navi Mumbai.400706.",151
259 - Nerul,"Terana Engineering College, Ground Floor, Room No. 1, Plot no. 12, Opposite Railway Station, Sector 22, Nerul (West), Navi Mumbai.400706.",151
260 - Nerul,"Terana Engineering College, Ground Floor, Room No. 2, Plot no. 12, Opposite Railway Station, Sector 22, Nerul (West), Navi Mumbai.400706.",151
261 - Nerul,"Terana Engineering College, Ground Floor, Room No. 3, Plot no. 12, Opposite Railway Station, Sector 22, Nerul (West), Navi Mumbai.400706.",151
262 - Nerul,"Terana Engineering College, Ground Floor, Room No. 4, Plot no. 12, Opposite Railway Station, Sector 22, Nerul (West), Navi Mumbai.400706.",151
263 - Nerul,"Guru Gobind Singh, School Ground Floor, Room No. 01, Sector-19, Nerul, Navi Mumbai -400706",151
264 - Nerul,"Guru Gobind Singh, School Ground Floor, Room No. 02, Sector-19, Nerul, Navi Mumbai -400706",151
265 - Nerul,"Guru Gobind Singh, School Ground Floor, Room No. 03, Sector-19, Nerul, Navi Mumbai -400706",151
266 - Nerul,"Guru Gobind Singh, School Ground Floor, Room No. 04, Sector-19, Nerul, Navi Mumbai -400706",151
267 - Nerul,"APJ SCHOOL, GROUND FLOOR, ROOM NO. 1, Sector 15, Nerul, Navi Mumbai.400706.",151
268 - Nerul,"APJ SCHOOL, GROUND FLOOR, ROOM NO. 2, Sector 15, Nerul, Navi Mumbai.400706.",151
269 - Nerul,"Nutan Marathi High School, Ground Floor Polling Station Room No.3, Sector 19, Nerul, Navi Mumbai.400706.",151
270 - Nerul,"Nutan Marathi High School, Back Ground Pavilion No. 4, Sector 19, Nerul, Navi Mumbai.400706.",151
271 - Nerul,"Nutan Marathi High School, Back Ground Pavilion No. 5, Sector 19, Nerul, Navi Mumbai.400706.",151
272 - Nerul,"Nutan Marathi High School, Back Ground Pavilion No. 6, Sector 19, Nerul, Navi Mumbai.400706.",151
273 - Nerul,"Nutan Marathi High School, Back Ground Pavilion No. 7, Sector 19, Nerul, Navi Mumbai.400706.",151
274 - CBD Belapur,"PEOPLE'S EDUCATION HIGH SCHOOL, GROUND FLOOR, ROOM NO. 1, Sector 1. CBD. Belapur, Navi Mumbai.400614.",151
275 - CBD Belapur,"PEOPLE'S EDUCATION HIGH SCHOOL, GROUND FLOOR, ROOM NO. 2, Sector 1. CBD. Belapur, Navi Mumbai.400614.",151
276 - CBD Belapur,"PEOPLE'S EDUCATION HIGH SCHOOL, GROUND FLOOR, ROOM NO. 3, Sector 1. CBD. Belapur, Navi Mumbai.400614.",151
277 - CBD Belapur,"PEOPLE'S EDUCATION HIGH SCHOOL, GROUND FLOOR, ROOM NO. 4, Sector 1. CBD. Belapur, Navi Mumbai.400614.",151
278 - CBD Belapur,"PEOPLE'S EDUCATION HIGH SCHOOL, GROUND FLOOR, ROOM NO. 5, Sector 1. CBD. Belapur, Navi Mumbai.400614.",151
279 - CBD Belapur,"People's Education Society Graduate Institute of Education, Ground Floor, Room no. 1, ARTIST VILLAGE, SECTOR 8B, C.B.D. Belapur, Navi Mumbai.400614.",151
280 - CBD Belapur,"People's Education Society Graduate Institute of Education, Ground Floor, Room no. 2, ARTIST VILLAGE, SECTOR 8B, C.B.D. Belapur, Navi Mumbai.400614.",151
281 - CBD Belapur,"People's Education Society Graduate Institute of Education, Ground Floor, Room no. 3, ARTIST VILLAGE, SECTOR 8 B, C.B.D. Belapur, Navi Mumbai.400614.",151
282 - CBD Belapur,"People's Education Society Graduate Institute of Education, Ground Floor, Room no. 4, ARTIST VILLAGE, SECTOR 8 B, C.B.D. Belapur, Navi Mumbai.400614.",151
283 - CBD Belapur,"People's Education Society Graduate Institute of Education, Ground Floor, Room no. 5, ARTIST VILLAGE, SECTOR 8B, C.B.D. Belapur, Navi Mumbai.400614.",151
284 - CBD Belapur,"People's Education Society Graduate Institute of Education, Ground Floor, Room no. 6, ARTIST VILLAGE, SECTOR 8 B, C.B.D. Belapur, Navi Mumbai.400614.",151
285 - CBD Belapur,"People's Education Society Graduate Institute of Education, Ground Floor, Room no. 7, ARTIST VILLAGE, SECTOR 8B, C.B.D. Belapur, Navi Mumbai.400614.",151
286 - Daravegaon,"Guruvarya Balaram Patil School, Ground Floor, Room no. 1, Darave, Navi Mumbai.400706.",151
287 - Daravegaon,"Guruvarya Balaram Patil School, Ground Floor, Room no. 2, Darave, Navi Mumbai.400706.",151
288 - Daravegaon,"Guruvarya Balaram Patil School, Ground Floor, Room no. 3, Darave, Navi Mumbai.400706.",151
289 - Daravegaon,"Guruvarya Balaram Patil School, Ground Floor, Room no. 4, Darave, Navi Mumbai.400706.",151
290 - Daravegaon,"Guruvarya Balaram Patil School, Ground Floor, Polling Station, Room No. 5, Darave, Navi Mumbai.400706.",151
291 - Daravegaon,"Guruvarya Balaram Patil School, Ground Floor, Polling Station, Room No. 6, Darave, Navi Mumbai.400706.",151
292 - Daravegaon,"Guruvarya Balaram Patil Vidyalaya, Ground Floor, Partition Polling Station, Room No. 7, Darave, Navi Mumbai.400706",151
293 - Nerul,"Ryan International School, Ground Floor, Polling Station No. Room no. 01, Sector- 19 A, Nerul, Navi Mumbai- 400706",151
294 - Nerul,"Ryan International School, Ground Floor, Polling Station No. Room no. 02, Sector- 19 A, Nerul, Navi Mumbai- 400706",151
295 - Nerul,"Ryan International School, Ground Floor, Polling Station No. Room no. 03, Sector- 19 A, Nerul, Navi Mumbai- 400706",151
296 - Nerul,"Ryan International School, Ground Floor, Polling Station No. Room no. 04, Sector- 19 A, Nerul, Navi Mumbai- 400706",151
297 - Nerul,"Ryan International School, Ground Floor, Polling Station No. Room no. 05, Sector- 19 A, Nerul, Navi Mumbai- 400706",151
298 - Nerul,"Ryan International School, Ground Floor, Polling Station No. Room no. 06, Sector- 19 A, Nerul, Navi Mumbai- 400706",151
299 - Nerul,"Ryan International School, Ground Floor, Polling Station No. Room no. 07, Sector- 19 A, Nerul, Navi Mumbai- 400706",151
300 - Karavegaon,"Jnandeep Seva Mandal High School, Karave Village, Ground Floor Room no. 5, Nerul, Navi Mumbai 400706",151
301 - Karavegaon,"Jnandeep Seva Mandal High School, Karave Village, Ground Floor Room no. 6, Nerul, Navi Mumbai 400706",151
302 - Karavegaon,"Jnandeep Seva Mandal High School, Karave Village, Ground Floor Room no. 7, Nerul, Navi Mumbai 400707",151
303 - Karavegaon,"Jnandeep Seva Mandal High School, Karave Village, Ground Floor Room no. 8, Nerul, Navi Mumbai 400708",151
304 - Karavegaon,"Jnandeep Seva Mandal High School, Karave Village, Ground Floor Room no. 9, Nerul, Navi Mumbai 400708",151
305 - Karavegaon,"M.N.Pa Madhyamik Vidyalaya, Ground Floor, Room no. 1, Karave Village, Nerul, Navi Mumbai.400706.",151
306 - Karavegaon,"M.N.Pa Madhyamik Vidyalaya, Ground Floor, Room no. 2, Karave Village, Nerul, Navi Mumbai.400706.",151
307 - Karavegaon,"M.N.Pa Madhyamik Vidyalaya, Ground Floor, Room no. 3, Karave Village, Nerul, Navi Mumbai.400706.",151
308 - Karavegaon,"Jnandeep Seva Mandal High School, Karave Village, Ground Floor Room no. 1, Nerul, Navi Mumbai 400706",151
309 - Karavegaon,"Jnandeep Seva Mandal High School, Karave Village, Ground Floor Room no. 2, Nerul, Navi Mumbai 400706",151
310 - Karavegaon,"Jnandeep Seva Mandal High School, Karave Village, Ground Floor Room no. 3, Nerul, Navi Mumbai 400707",151
311 - Karavegaon,"Jnandeep Seva Mandal High School, Karave Village, Ground Floor Room no. 4, Nerul, Navi Mumbai 400708",151
312 - CBD Belapur,"Samaj Mandir Ekta Vihar Society Office, Ground Floor, Partition No. 1, Sector 25, C.B.D. Belapur, Navi Mumbai.400614.",151
313 - CBD Belapur,"Samaj Mandir Ekta Vihar Society Office, Ground Floor, Partition No. 2, Sector 25, C.B.D. Belapur, Navi Mumbai.400614.",151
314 - CBD Belapur,"Jnanpushpa Vidyaniketan High School, Ground Floor, Room no. 1, Sector 4, CBD Belapur, Navi Mumbai.400614.",151
315 - CBD Belapur,"Gyan Pushpa Vidyaniketan High School, Ground Floor, Room no. 2, Sector 4 CBD. Navi Mumbai.400614.",151
316 - CBD Belapur,"Dynapushpa Vidyaniketan High School, Ground Floor, Room no. 3, Sector 4, CBD Belapur, Navi Mumbai.400614.",151
317 - CBD Belapur,"Dynapushpa Vidyaniketan High School, Ground Floor, Room no. 4, Sector 4, CBD Belapur, Navi Mumbai.400614.",151
318 - CBD Belapur,"Dynapushpa Vidyaniketan High School, Ground Floor, Partition Room No. 5, Sector 4, CBD Belapur, Navi Mumbai.400614.",151
319 - CBD Belapur,"Dynapushpa Vidyaniketan High School, Ground Floor, Partition Room No. 6, Sector 4, CBD Belapur, Navi Mumbai.400614.",151
320 - CBD Belapur,"Dynapushpa Vidyaniketan High School, Ground Floor, Partition Room No. 7, Sector 4, CBD Belapur, Navi Mumbai.400614.",151
321 - CBD Belapur,"Bharti Vidyapith School, Ground Floor, Room no. 1, Sector 3, CBD, Navi Mumbai.400614.",151
322 - CBD Belapur,"Bharti Vidyapith School, Ground Floor, Room no. 2, Sector 3, CBD, Navi Mumbai.400614.",151
323 - CBD Belapur,"Bharti Vidyapith School, Ground Floor, Room no. 3, Sector 3, CBD, Navi Mumbai.400614.",151
324 - CBD Belapur,"Bharti Vidyapith School, Ground Floor, Room no. 4, Sector 3, CBD, Navi Mumbai.400614.",151
325 - CBD Belapur,"Bharti Vidyapith School, Ground Floor, Room no. 5, Sector 3, CBD, Navi Mumbai.400614.",151
326 - CBD Belapur,"Bharti Vidyapith School, Ground Floor, Room no. 6, Sector 3, CBD, Navi Mumbai.400614.",151
327 - Karave,"DON BOSCO SENIOR SECONDARY SCHOOL, GROUND FLOOR, ROOM NO. 1, Sector 42A, Nerul, Navi Mumbai.400706.",151
328 - Karave,"DON BOSCO SENIOR SECONDARY SCHOOL, GROUND FLOOR, ROOM NO. 2, Sector 42A, Nerul, Navi Mumbai.400706.",151
329 - Karave,"DON BOSCO SENIOR SECONDARY SCHOOL, GROUND FLOOR, ROOM NO. 3, Sector 42A, Nerul, Navi Mumbai.400706.",151
330 - Karave,"DON BOSCO SENIOR SECONDARY SCHOOL, GROUND FLOOR, ROOM NO. 4, Sector 42A, Nerul, Navi Mumbai.400706.",151
331 - Karave,"DON BOSCO SENIOR SECONDARY SCHOOL, GROUND FLOOR, ROOM NO. 5, Sector 42A, Nerul, Navi Mumbai.400706.",151
332 - Karave,"DON BOSCO SENIOR SECONDARY SCHOOL, GROUND FLOOR, PARTITION POLLING CENTER ROOM NO. 6, Sector 42A, Nerul, Navi Mumbai.400706.",151
333 - Karave,"DON BOSCO SENIOR SECONDARY SCHOOL, GROUND FLOOR, PARTITION POLLING CENTER ROOM NO. 7, Sector 42A, Nerul, Navi Mumbai.400706.",151
334 - Agroli,"I, T, I, College, Agroli Village, Room No.1, Ground Floor, CBD Belapur, Navi Mumbai 400706",151
335 - Agroli,"I, T, I, College, Agroli Village, Room No. 2, Ground Floor, CBD Belapur, Navi Mumbai 400707",151
336 - Agroli,"I, T, I, College, Agroli Village, Room No. 3, Ground Floor, CBD Belapur, Navi Mumbai 400708",151
337 - Belapur C B D,"MAHARASHTRA EDUCATION SOCIETY HIGH SCHOOL, GROUND FLOOR, ROOM NO. 1, Income Tax Colony, Sector 21/22, C. B. D., Navi Mumbai.400614.",151
338 - Belapur C B D,"MAHARASHTRA EDUCATION SOCIETY HIGH SCHOOL, GROUND FLOOR, ROOM NO. 2, Income Tax Colony, Sector 21/22, C. B. D., Navi Mumbai.400614.",151
339 - Belapur village,"DELHI PUBLIC SCHOOL, GROUND FLOOR, ROOM NO. 1, n. R.I. Near Complex, Sector 52 to 58, Sea Wood Estate, Navi Mumbai.400614.",151
340 - Belapur village,"DELHI PUBLIC SCHOOL, GROUND FLOOR, ROOM NO. 2, n. R.I. Near Complex, Sector 52 to 58, Sea Wood Estate, Navi Mumbai.400614.",151
341 - Belapur village,"DELHI PUBLIC SCHOOL, GROUND FLOOR, ROOM NO. 3, n. R.I. Near Complex, Sector 52 to 58, Sea Wood Estate, Navi Mumbai.400614.",151
342 - Belapur village,"DELHI PUBLIC SCHOOL, GROUND FLOOR, ROOM NO. 4, n. R.I. Near Complex, Sector 52 to 58, Sea Wood Estate, Navi Mumbai.400614.",151
343 - Belapur village,"DELHI PUBLIC SCHOOL, GROUND FLOOR, ROOM NO. 5, n. R.I. Near Complex, Sector 52 to 58, Sea Wood Estate, Navi Mumbai.400614.",151
344 - Karavegaon,"D.A.V. School, Ground Floor, Room no. 1, Sector 48, Nerul, Navi Mumbai.400706.",151
345 - Nerul,"D.A.V. School, Ground Floor, Room no. 2, Sector 48, Nerul, Navi Mumbai.400706.",151
346 - Nerul,"D.A.V. School, Ground Floor, Room no. 3, Sector 48, Nerul, Navi Mumbai.400706.",151
347 - Nerul,"D.A.V. School, Ground Floor, Room no. 4, Sector 48, Nerul, Navi Mumbai.400706.",151
348 - Nerul,"D.A.V. School, Ground Floor, Room no. 5, Sector 48, Nerul, Navi Mumbai.400706.",151
349 - Nerul,"D.A.V. School, Ground Floor, Room no. 6, Sector 48, Nerul, Navi Mumbai.400706.",151
350 - Nerul,"Navi Mumbai Municipal Corporation School No.93, (CBSE) Ground Floor, Partition Polling Center Room No-7, Sector 50 Old, Nerul, Navi Mumbai-400703",151
351 - Nerul,"Navi Mumbai Municipal Corporation School No.93, (CBSE) Ground Floor, Room No-1, Sector 50 Old, Nerul, Navi Mumbai-400703",151
352 - Nerul,"Navi Mumbai Municipal Corporation School No.93, (CBSE) Ground Floor, Room No-2, Sector 50 Old, Nerul, Navi Mumbai-400703",151
353 - Nerul,"Navi Mumbai Municipal Corporation School No.93, (CBSE) Ground Floor, Room No-3, Sector 50 Old, Nerul, Navi Mumbai-400703",151
354 - Nerul,"Navi Mumbai Municipal Corporation School No.93, (CBSE) Ground Floor, Room No-4, Sector 50 Old, Nerul, Navi Mumbai-400703",151
355 - Nerul,"NAVI MUMBAI MUNICIPAL SCHOOL NO.93, (CBSE) GROUND FLOOR, PARTITION ROOM NO-5, SECTOR 50 OLD, NERUL, NAVI MUMBAI-400703",151
356 - Nerul,"NAVI MUMBAI MUNICIPAL SCHOOL NO.93, (CBSE) GROUND FLOOR, PARTITION ROOM NO-6, SECTOR 50 OLD, NERUL, NAVI MUMBAI-400703",151
357 - Belapur,"Vidyaprasarak High School, Building no. 1, GROUND FLOOR, ROOM NO. 1, Belapur Village, Navi Mumbai.400614.",151
358 - Belapur,"Vidyaprasarak High School, Building no. 1, GROUND FLOOR, ROOM NO. 2, Belapur Village, Navi Mumbai.400614.",151
359 - Belapur,"Vidyaprasarak High School, Building no. 1, GROUND FLOOR, ROOM NO. 3, Belapur Village, Navi Mumbai.400614.",151
360 - Belapur,"Vidyaprasarak High School, Building no. 1, GROUND FLOOR, ROOM NO. 4, Belapur Village, Navi Mumbai.400614.",151
361 - Belapur,"Vidyaprasarak High School, Building no. 1, GROUND FLOOR, ROOM NO. 5, Belapur Village, Navi Mumbai.400614.",151
362 - Belapur,"Vidyaprasarak High School, Building no. 1, GROUND FLOOR, ROOM NO. 6, Belapur Village, Navi Mumbai.400614.",151
363 - Belapur,"NAVI MUMBAI MUNICIPALITY SCHOOL NO. 01, GROUND FLOOR POLLING STATION NO. Room no. 1, Belapur Village, Navi Mumbai 400706",151
364 - Belapur,"NAVI MUMBAI MUNICIPALITY SCHOOL NO. 01, GROUND FLOOR POLLING STATION NO. Room no. 2 Belapur Village, Navi Mumbai 400706",151
365 - Belapur,"NAVI MUMBAI MUNICIPALITY SCHOOL NO. 01, GROUND FLOOR POLLING STATION NO. Room no. 3, Belapur Village, Navi Mumbai 400706",151
366 - Belapur,"NAVI MUMBAI MUNICIPALITY SCHOOL NO. 01, GROUND FLOOR POLLING STATION NO. Room no. 4, Belapur Village, Navi Mumbai 400706",151
367 - Diwale,"NAVI MUMBAI MUNICIPALITY SCHOOL NO. 2, GROUND FLOOR, ROOM NO. 1, Diwale CBD, Navi Mumbai.400614.",151
368 - Diwale,"NAVI MUMBAI MUNICIPALITY SCHOOL NO. 2, GROUND FLOOR, ROOM NO. 2, Diwale CBD, Navi Mumbai.400614.",151
369 - Diwale,"NAVI MUMBAI MUNICIPALITY SCHOOL NO. 2, GROUND FLOOR, ROOM NO. 3, Diwale CBD, Navi Mumbai.400614.",151
370 - Diwale,"NAVI MUMBAI MUNICIPALITY SCHOOL NO. 2, GROUND FLOOR, ROOM NO. 4, Diwale CBD, Navi Mumbai.400614.",151
371 - Diwale,"NAVI MUMBAI MUNICIPALITY SCHOOL NO. 2, GROUND FLOOR, ROOM NO. 5, Diwale CBD, Navi Mumbai.400614.",151
372 - Diwale,"NAVI MUMBAI MUNICIPALITY SCHOOL NO. 2, GROUND FLOOR, ROOM NO. 6, Diwale CBD, Navi Mumbai.400614.",151
